1 222/356 222/380 308/356 308/380
2 351/356 351/380 437/356 437/380
3 482/356 482/380  567/356 567/380
4 613/356 613/380  698/356 698/380
5 744/356 744/380  829/356 829/380 
6 222/519 222/542 308/519 308/542
7  351/519 351/542 437/519 437/542
8 482/519 482/542  567/519 567/542
9 613/519 613/542  698/519 698/542 
10 744/519 744/542 829/519 829/542                       